code
197688925
197844496
197972179
198138879
198159561
198455677
198515675
198656319
198667126
198717313
198719239
198728341
198814781
198814922
198913266
198925175
199128157
199135257
199161462
199187612
199239367
199367672
199473287
199475776
199685727
199769668
199794533
199832975
199922872
199979292
211166277
211239841
211289145
211327299
211367134
211461433
211513683
211599786
211628575
211637768
211657796
211727426
211823151
211864233
211929984
211952242
211985552
212224166
212232753
212311811
212483392
212487735
212646975
212676796
212679144
212719264
212728199
212737683
212774866
212812552
212827599
212845712
212872216
212877414
212882472
212966737
212968695
213233194
213291234
213376361
213422183
213558128
213722753
213747592
213836747
213918717
214135144
214252173
214267395
214376528
214415762
214433263
214474533
214523933
214539997
214657955
214726681
214745664
214762476
214846464
214921587
214991337
215148136
215259864
215273536
215364456
215422335
215548783
215579775
215642992
215721427
215882212
215929161
215992153
216242527
216456925
216511911
216643196
216643321
216647628
216749254
216772785
216827229
216832518
216857622
217171323
217251239
217275953
217324677
217355261
217388168
217437459
217453814
217568284
217692857
217732636
217796816
217827973
217855697
217858279
217951847
217972368
217981213
217995233
218121792
218276276
218311536
218384648
218387476
218657195
218683793
218784578
218795881
218887111
219168237
219259155
219364715
219535239
219546839
219657152
219682466
219697279
219713949
219729653
219733147
219815926
219837353
219989424
221156385
221211569
221273165
221315572
221351112
221368184
221384154
221637661
221688936
221888482
222148446
222219119
222283756
222389611
222493585
222578393
222596236
222643265
222747547
222787252
222816949
223231865
223261286
223367177
223424145
223471578
223497826
223555876
223686163
223711551
223758584
223769816
223812899
223821884
224126285
224179216
224223556
224432569
224514398
224555991
224758638
224772247
224816457
224858598
224867759
224868964
224892897
224912398
225115658
225132167
225164741
225212171
225214175
225244264
225492531
225536417
225627216
225711582
225872899
225923772
226157657
226255831
226265967
226349214
226366626
226415823
226425372
226534696
226658872
226673526
226677654
226712228
226763971
226786672
226846982
226963876
226982144
227148413
227178113
227238883
227262248
227322844
227375191
227472155
227529928
227551242
227773216
227825812
227895981
227991213
228122816
228295863
228337513
228341784
228347652
228351425
228465693
228483687
228521946
228552695
228573296
228614222
228615688
228713558
228885894
228946949
228985843
229152211
229166627
229293833
229474195
229484997
229564355
229827766
229887884
229998916
231118834
231189588
231189873
231248333
231259431
231298172
231311427
231349787
231393876
231516435
231566623
231894979
231924124
231956233
232115743
232137357
232287985
232293917
232321338
232381238
232498323
232533572
232538153
232539872
232556731
232574544
232734661
232749742
232886195
232956686
233224449
233225923
233265273
233283225
233311768
233367548
233384133
233683993
233818345
233861658
233869262
234152186
234233669
234252365
234327366
234343414
234371617
234455489
234554694
234569847
234585148
234588519
234629698
234819621
234867515
234931657
234945243
234975349
235182223
235226927
235273151
235324153
235383436
235383643
235427569
235439172
235442933
235468432
235476433
235491982
235492743
235564845
235577146
235775336
235862961
236139457
236195773
236216189
236262685
236317462
236357143
236367253
236394848
236426486
236543197
236556571
236585443
236644182
236679294
236737965
236746687
236772931
236824378
236826521
236839958
236855454
237111933
237141969
237155849
237173554
237244795
237391962
237394213
237425887
237458528
237627439
237647331
237845543
237866717
237955316
237963878
238183666
238222745
238288872
238295848
238375351
238532583
238581978
238681867
238716934
238736498
238789985
238857561
238954369
238971687
238973797
238977812
239365813
239396519
239486511
239737399
239742881
239758359
239852798
239871543
239899728
239922786
239996568
241219958
241391469
241591984
241623452
241624738
241667846
241813833
241931471
241993432
242154679
242373874
242417785
242433575
242442333
242489969
242492856
242583268
242862844
242947818
242955668
243113972
243196194
243197234
243285967
243318325
243327726
243384696
243439234
243468354
243717561
243774621
243952732
243977419
244119229
244284413
244329952
244353798
244399553
244428418
244483353
244492333
244625851
244781861
244833723
244852245
244852975
244853763
245143247
245144141
245354745
245474473
245483649
245499325
245532764
245537288
245587959
245972383
245972699
246133558
246184537
246199719
246285467
246323638
246337542
246369139
246395977
246565567
246696466
246745419
246948959
247186488
247252829
247282712
247425849
247473918
247632932
247653123
247679821
247731296
247773278
247971488
247999855
248217477
248297945
248317375
248333919
248419824
248446757
248464669
248486122
248493442
248562981
248573614
248614987
248647183
248777344
248837646
248896462
248912182
248913163
248983588
248992589
249319427
249372226
249462533
249484175
249588936
249714889
249725611
249823577
251169976
251216774
251224653
251341597
251345386
251458871
251468467
251624442
251713376
251754615
251876756
252252196
252562692
252713732
252728875
252751596
252761243
252786516
252856395
252885482
252931361
252994583
253277925
253312161
253313216
253455367
253594598
253613913
253648459
253649553
253682781
253711556
253729771
253771264
253783492
253823699
253941985
254142541
254183459
254224572
254235294
254272883
254348916
254415594
254439196
254612455
254635896
254651191
254997675
254998386
255119563
255129683
255224329
255272796
255339682
255392449
255422841
255537366
255695422
255711925
255794846
255914777
255991361
256345569
256434385
256453814
256456965
256472264
256561912
256711663
256774311
256819441
256897932
257155662
257188578
257189718
257217485
257263466
257313796
257365941
257442116
257583778
257646295
257758643
257883374
258215817
258269177
258385711
258411845
258669791
258691431
258797743
259127321
259176945
259185399
259287579
259456949
259544967
259589453
259744656
259837388
259881283
259889148
259928821
261239449
261346683
261356367
261381243
261482827
261488714
261534964
261725789
261929631
261981943
262147491
262155428
262161621
262187688
262197243
262287516
262351958
262417835
262429654
262457851
262458222
262653634
262694598
262865931
262879416
262885271
262939128
262988554
263272789
263297961
263399356
263473357
263546218
263676363
263739372
263813656
263982857
263985585
264136839
264151385
264212264
264246378
264364399
264366764
264555771
264572496
264573862
264599542
264617482
264634841
264666999
264688194
264721146
264727592
264866345
264943529
264945149
264974988
265117938
265126892
265161412
265235829
265323966
265564553
265588182
265612799
265692641
265716157
265786171
265861751
265941489
265945545
265945949
265974282
265998557
266148822
266163992
266171846
266186946
266199363
266327185
266346776
266358619
266417734
266428622
266436317
266473997
266474814
266565774
266675852
266729588
266737386
266794738
266847518
266851877
266866414
267134569
267145547
267151926
267284331
267298828
267325864
267436624
267446837
267467646
267484717
267614224
267777438
267841611
267886394
267888755
267963772
268132425
268256861
268331639
268353598
268366879
268521234
268595123
268595929
268642677
268698735
268862499
268898561
268948547
268954982
269153125
269257473
269317515
269385224
269453485
269669672
269698886
269747473
269813131
269919284
271138256
271139152
271148854
271179556
271188736
271193441
271199583
271273175
271451271
271499872
271548238
271632929
271671486
271761623
271849138
271942588
271952251
272155712
272166275
272195795
272264763
272333476
272615723
272624519
272728614
272764415
272785372
272799567
272871823
272885364
272929522
272974281
273117314
273227153
273257377
273271876
273567694
273748294
273781269
273862722
273868288
273947744
274226944
274382595
274475175
274499659
274584146
274635815
274753143
274891751
275141227
275172229
275336986
275349542
275378739
275428624
275471597
275472973
275483432
275519713
275596216
275757466
275767233
275774753
275787254
275815481
275962538
276153476
276241882
276351296
276417559
276432198
276526368
276621291
276641253
276737757
276877732
276968754
277228767
277398367
277471812
277617976
277647385
277729179
277768931
277864689
277885713
277938354
278133883
278172194
278188448
278193193
278314255
278367997
278495919
278578188
278581178
278763384
278958252
279149732
279184662
279361568
279362587
279416174
279445733
279456218
279496458
279541474
279543561
279583233
279712595
279831721
279846265
279878688
279954767
281112815
281118894
281136287
281145952
281181541
281321436
281393734
281493557
281494262
281531638
281555436
281692121
281728851
281785435
281786177
281792116
281827894
281884798
281966131
281986853
281999546
282172532
282182378
282192311
282275737
282277683
282369845
282459945
282522868
282556189
282599689
282731742
282751294
282793226
282933317
283145136
283188557
283289697
283368659
283373559
283427919
283446855
283532626
283552666
283646347
283821171
283848376
284152295
284187754
284246447
284392518
284447978
284517323
284536591
284599661
284616879
284666868
284715897
284732858
284759623
284767175
284834463
284839888
284881565
285129527
285226353
285231262
285376762
285377724
285489754
285533167
285677746
285833512
285872261
285927326
285939888
286345954
286371438
286423519
286579884
286623596
286662182
286751477
286783263
286832945
286835774
287374237
287417825
287494316
287495217
287621317
287632695
287647868
287723891
287728791
287765854
287782463
287842914
287843129
287974238
288155275
288243178
288286117
288363842
288376248
288529547
288533716
288541573
288556659
288556945
288593471
288654386
288842615
288849594
288939739
289146868
289147849
289149351
289224657
289242924
289276125
289556213
289568716
